 52,94,104,157,219,94,157,219,230,303,376,240,313,386,42,42,52,52,
 52,94,104,157,219,94,157,219,230,303,376,240,323,386,42,42,52,52,
 52,94,104,157,219,94,157,219,230,303,365,240,334,386,42,42,52,52,
 52,94,104,157,219,94,157,219,230,313,376,240,334,386,42,42,52,52,
 52,94,94,157,219,94,157,219,230,323,376,240,334,386,42,42,52,52,
 52,94,94,157,219,94,157,219,230,313,376,240,323,386,42,42,52,52,
 52,94,94,157,219,94,157,219,230,313,376,240,323,386,42,42,52,52,
 52,94,104,157,219,94,157,219,230,323,386,230,323,386,42,42,52,52,
 52,94,104,157,219,94,157,219,230,334,386,240,323,386,42,42,52,52,
 52,94,104,157,219,104,157,219,230,323,386,240,323,386,42,42,52,52,
 52,104,104,157,219,104,157,219,230,323,386,240,313,386,42,42,52,52,
 52,104,104,157,219,104,157,219,230,313,386,230,323,386,42,42,52,52,
 52,104,104,157,219,104,157,219,230,313,386,230,313,386,52,52,52,52,
 63,104,104,157,209,104,157,219,230,313,386,240,313,386,52,52,63,52,
 63,104,104,157,209,104,157,219,230,313,386,240,323,397,52,52,63,63,
 63,104,104,157,209,104,157,219,230,323,386,240,323,386,63,63,63,63,
 73,115,115,157,209,115,157,209,230,313,386,240,323,397,63,63,73,73,
 73,115,115,157,198,115,157,209,240,313,386,250,323,397,73,73,73,73,
 83,125,115,157,198,115,157,209,240,313,386,240,323,386,73,73,83,83,
 94,125,125,157,198,125,167,209,240,313,386,240,323,386,83,83,94,83,
 94,125,125,157,198,125,167,209,240,313,386,240,323,386,94,94,94,94,
 104,136,136,167,198,136,167,198,240,313,386,250,323,386,94,104,104,104,
 115,136,136,167,198,136,167,198,240,323,386,250,323,386,104,104,104,115,
 125,146,146,167,198,146,167,198,240,323,386,250,323,386,115,115,115,115,
 125,146,146,177,198,146,177,198,240,323,386,250,323,386,125,125,125,125,
 136,157,157,177,198,157,177,198,240,323,386,250,323,386,125,136,125,125,
 146,167,157,188,198,157,188,209,250,323,386,261,334,386,136,136,136,136,
 157,167,167,198,209,167,188,209,250,323,386,261,334,386,146,146,146,146,
 157,167,167,198,219,167,198,209,250,334,386,261,334,386,157,157,146,146,
 167,177,177,198,219,177,198,219,261,334,386,271,334,397,157,157,157,157,
 177,188,177,209,219,177,209,219,261,334,386,271,334,397,167,167,167,167,
 177,188,188,209,219,188,209,219,271,334,386,271,334,397,177,177,167,167,
 188,188,188,219,219,188,209,230,271,334,386,271,334,397,177,177,177,177,
 188,198,188,219,219,188,219,230,271,334,386,282,344,397,177,177,177,177,
 188,198,198,219,230,198,219,230,271,334,386,282,344,397,188,188,177,177,
 198,198,198,219,230,198,230,240,282,344,386,282,344,397,188,188,188,188,
 198,209,198,219,230,198,230,240,282,344,386,282,344,397,188,188,188,188,
 198,209,198,230,198,230,240,282,344,386,282,344,397,188,188,188,188,
 198,209,198,230,198,240,240,282,334,386,282,344,397,188,188,188,188,
 198,209,198,230,198,230,240,282,334,386,282,344,397,198,188,188,188,
 198,209,198,219,230,198,230,240,282,334,386,282,344,397,188,188,188,188,
 198,209,198,219,230,198,230,240,282,334,386,282,344,397,188,188,188,188,
 198,209,198,230,198,230,240,282,334,386,282,344,397,188,188,188,188,
 198,209,198,219,230,198,230,240,282,334,386,282,344,397,188,188,188,188,
 198,209,198,219,230,198,230,282,334,386,282,344,397,188,188,188,188,
 188,198,198,219,230,198,219,230,282,334,386,282,344,397,188,188,177,188,
 188,198,188,219,198,230,240,271,334,386,282,344,386,177,177,177,177,
 188,198,188,219,188,219,230,271,334,386,282,344,397,177,177,177,177,
 177,188,188,219,188,219,230,271,334,386,282,344,397,167,167,167,167,
 177,188,188,219,230,188,209,230,271,334,386,271,344,397,167,167,167,167,
 167,177,177,209,230,177,209,230,271,334,386,271,344,397,157,157,157,157,
 157,177,177,198,230,177,209,230,261,334,386,261,334,397,157,157,157,157,
 157,167,167,198,230,167,198,230,261,334,386,271,334,386,146,146,146,146,
 146,167,167,198,230,167,198,230,261,334,386,261,334,386,136,136,136,136,
 146,157,157,198,230,157,198,230,250,334,386,261,334,386,136,136,136,136,
 136,157,157,188,230,157,198,230,250,334,386,261,334,386,125,125,125,125,
 125,146,146,188,230,146,188,230,250,323,386,250,334,386,115,115,125,125,
 115,146,146,188,240,146,188,240,250,323,386,250,334,386,115,104,115,115,
 104,136,136,188,240,136,188,240,250,334,386,250,334,386,104,104,104,104,
 104,136,136,188,240,136,188,240,250,323,386,250,323,386,94,94,94,94,
 94,125,125,188,240,125,188,240,250,323,386,250,323,386,83,83,94,94,
 83,125,125,177,240,125,177,240,240,323,386,240,323,386,83,83,83,83,
 83,125,125,177,230,125,177,240,240,323,386,240,323,386,73,73,83,83,
 73,115,115,177,230,115,177,230,240,323,386,240,323,386,73,73,73,73,
 73,115,115,167,230,115,177,230,240,323,386,240,313,386,63,63,73,73,
 63,104,104,167,230,104,167,230,240,323,386,240,313,376,52,63,63,63,
 63,104,104,167,230,104,167,230,240,323,386,240,313,386,52,52,63,63,
 52,104,104,157,230,104,167,230,240,323,386,240,313,386,52,52,52,52,
 52,104,104,167,219,104,167,230,230,323,386,240,313,386,52,52,52,52,
 52,94,94,157,219,104,157,219,230,334,386,240,313,386,42,42,52,52,
 52,94,94,157,219,94,157,219,230,344,386,240,323,386,42,42,52,52,
 52,94,94,157,219,94,157,219,230,344,386,230,313,386,42,42,52,52,
 52,94,94,157,219,94,157,219,240,334,386,240,323,386,42,42,52,52,
 52,94,94,157,219,94,157,219,230,344,386,240,313,386,42,42,52,52,
 52,94,94,157,219,94,157,219,230,334,386,230,313,386,42,42,52,52,
 52,94,94,157,219,94,157,219,230,313,386,230,313,386,42,42,52,52,
 52,94,94,157,219,94,157,219,230,313,386,240,313,386,42,42,52,52,
 52,94,94,157,219,94,157,219,230,313,386,240,313,386,42,42,52,52,
 52,94,94,157,219,94,157,219,230,313,376,240,313,386,42,42,52,52,